0 0 0 0 0 0 0 0 0 0 0 0 0 0 0 0 0 0 0 0 0 0 0 0 4.57942 4.58301 4.5937 4.61133 4.6356 4.66611 4.70233 4.74367 4.78942 4.8388 4.89096 4.945 5 
0 0 0 0 0 0 0 0 0 0 0 0 0 0 0 0 0 0 0 0 0 0 0 0 4.57136 4.57501 4.5859 4.60386 4.62859 4.65967 4.69658 4.73871 4.78534 4.83567 4.88884 4.94393 5 
0 0 0 0 0 0 0 0 0 0 0 0 0 0 0 0 0 0 0 0 0 0 0 0 4.54686 4.55071 4.56221 4.58117 4.60728 4.6401 4.6791 4.72363 4.77292 4.82615 4.88239 4.94068 5 
0 0 0 0 0 0 0 0 0 0 0 0 0 0 0 0 0 0 0 0 0 0 0 0 4.50501 4.50921 4.52174 4.54239 4.57085 4.60664 4.6492 4.69781 4.75166 4.80983 4.87134 4.9351 5 
0 0 0 0 0 0 0 0 0 0 0 0 0 0 0 0 0 0 0 0 0 0 0 0 4.44428 4.44897 4.46297 4.48607 4.5179 4.55798 4.60567 4.66019 4.72066 4.78604 4.8552 4.92695 5 
0 0 0 0 0 0 0 0 0 0 0 0 0 0 0 0 0 0 0 0 0 0 0 0 4.36244 4.36778 4.38374 4.41007 4.44641 4.4922 4.54676 4.60923 4.6786 4.75371 4.83327 4.91587 5 
0 0 0 0 0 0 0 0 0 0 0 0 0 0 0 0 0 0 0 0 0 0 0 0 4.25656 4.26272 4.28115 4.31159 4.35363 4.4067 4.47004 4.54273 4.62361 4.71138 4.80451 4.90132 5 
0 0 0 0 0 0 0 0 0 0 0 0 0 0 0 0 0 0 0 0 0 0 0 0 4.12291 4.13009 4.15153 4.18699 4.23604 4.29808 4.37232 4.45776 4.55316 4.65698 4.76747 4.88255 5 
0 0 0 0 0 0 0 0 0 0 0 0 0 0 0 0 0 0 0 0 0 0 0 0 3.95698 3.96535 3.99038 4.03181 4.08921 4.162 4.24941 4.35041 4.46371 4.58762 4.72006 4.85848 5 
0 0 0 0 0 0 0 0 0 0 0 0 0 0 0 0 0 0 0 0 0 0 0 0 3.75337 3.76314 3.79233 3.84068 3.90776 3.99306 4.09589 4.21541 4.35038 4.4991 4.65917 4.82743 5 
0 0 0 0 0 0 0 0 0 0 0 0 0 0 0 0 0 0 0 0 0 0 0 0 3.50583 3.51721 3.55118 3.60738 3.68534 3.78463 3.90487 4.0456 4.20612 4.38503 4.57986 4.78667 5 
0 0 0 0 0 0 0 0 0 0 0 0 0 0 0 0 0 0 0 0 0 0 0 0 3.20711 3.22043 3.26003 3.32512 3.41494 3.52909 3.6677 3.8313 4.02048 4.23515 4.4736 4.73126 5 
0 0 0 0 0 0 0 0 0 0 0 0 0 0 0 0 0 0 0 0 0 0 0 0 2.84846 2.86452 2.91152 2.98723 3.08978 3.21851 3.37429 3.55947 3.77747 4.03179 4.32408 4.65094 5 
0 0 0 0 0 0 0 0 0 0 0 0 0 0 0 0 0 0 0 0 0 0 0 0 2.41757 2.43898 2.49841 2.58895 2.70571 2.84706 3.01472 3.2138 3.45274 3.74298 4.09679 4.52065 5 
0 0 0 0 0 0 0 0 0 0 0 0 0 0 0 0 0 0 0 0 0 0 0 0 1.89034 1.9279 2.01529 2.13166 2.26634 2.4164 2.58448 2.77841 3.0126 3.31113 3.71191 4.26552 5 
0 0 0 0 0 0 0 0 0 0 0 0 0.0744002 0.0750763 0.0771677 0.0808793 0.0866142 0.0950998 0.107667 0.126896 0.158197 0.213959 0.325028 0.573896 1.19409 1.30472 1.46699 1.63314 1.79238 1.9452 2.09606 2.25247 2.42766 2.64923 2.98317 3.60341 5 
0 0 0 0 0 0 0 0 0 0 0 0 0.0728789 0.0734841 0.0753448 0.0786032 0.0835197 0.0905074 0.100173 0.113316 0.130678 0.151739 0.170002 0.156159 0 0.565325 0.909973 1.15016 1.33286 1.4784 1.59518 1.68425 1.73838 1.73452 1.61022 1.19452 0 
0 0 0 0 0 0 0 0 0 0 0 0 0.0686344 0.0690671 0.070377 0.0725967 0.0757647 0.079889 0.0848582 0.090239 0.0948369 0.0958161 0.0872162 0.0586318 0 0.322458 0.588002 0.79649 0.956985 1.07631 1.15665 1.19461 1.17961 1.09077 0.892944 0.537965 0 
0 0 0 0 0 0 0 0 0 0 0 0 0.062443 0.0626761 0.0633623 0.0644563 0.0658581 0.0673696 0.0686166 0.0689239 0.0671381 0.0614456 0.049395 0.0287114 0 0.207644 0.394412 0.550806 0.673735 0.76195 0.813458 0.824135 0.786997 0.692248 0.529251 0.293133 0 
0 0 0 0 0 0 0 0 0 0 0 0 0.0552029 0.0552655 0.0554302 0.0556231 0.0557048 0.0554453 0.0544895 0.0523184 0.0482292 0.0413807 0.0309983 0.0168536 0 0.139805 0.26916 0.38042 0.46859 0.530178 0.562139 0.561246 0.524001 0.447283 0.33008 0.176582 0 
0 0 0 0 0 0 0 0 0 0 0 0 0.0476811 0.0476251 0.0474347 0.0470401 0.046319 0.045088 0.0430965 0.0400287 0.0355288 0.029267 0.021067 0.0110904 0 0.0954754 0.184622 0.261988 0.323256 0.365065 0.38474 0.380148 0.349817 0.293412 0.212573 0.111972 0 
0 0 0 0 0 0 0 0 0 0 0 0 0.0404113 0.0402873 0.0398983 0.0391919 0.0380804 0.036442 0.034125 0.0309614 0.0267928 0.021514 0.0151332 0.00783343 0 0.065387 0.126587 0.179778 0.221706 0.249755 0.261943 0.25696 0.234302 0.194516 0.139533 0.0729443 0 
0 0 0 0 0 0 0 0 0 0 0 0 0.033699 0.0335461 0.0330761 0.0322549 0.0310276 0.0293227 0.0270583 0.0241553 0.0205545 0.0162405 0.0112673 0.00577711 0 0.0447182 0.0865759 0.122906 0.151385 0.170132 0.177778 0.173543 0.157325 0.129814 0.092603 0.0482179 0 
0 0 0 0 0 0 0 0 0 0 0 0 0.0276744 0.0275186 0.0270441 0.0262314 0.0250498 0.0234618 0.0214287 0.0189194 0.015921 0.0124502 0.00856441 0.00436645 0 0.0304855 0.0590015 0.0837 0.102962 0.115483 0.120348 0.11709 0.105754 0.0869367 0.0618157 0.0321152 0 
0 0 0 0 0 0 0 0 0 0 0 0 0.0223514 0.0222078 0.0217733 0.0210379 0.0199865 0.0186023 0.0168705 0.0147843 0.01235 0.00959355 0.00656402 0.00333487 0 0.0206844 0.0400166 0.0567269 0.0697039 0.0780608 0.0811917 0.0788163 0.0710143 0.0582432 0.0413325 0.0214453 0 
0 0 0 0 0 0 0 0 0 0 0 0 0.0176747 0.0175513 0.0171796 0.0165553 0.0156721 0.0145246 0.0131101 0.0114322 0.00950414 0.00735128 0.00501275 0.00254117 0 0.0139254 0.026931 0.038154 0.0468413 0.0523976 0.0544247 0.0527519 0.0474554 0.0388638 0.0275465 0.014281 0 
0 0 0 0 0 0 0 0 0 0 0 0 0.013553 0.0134535 0.0131546 0.0126549 0.0119527 0.0110477 0.00994205 0.00864297 0.00716405 0.00552675 0.00376087 0.00190403 0 0.00923579 0.0178566 0.0252861 0.0310234 0.0346751 0.0359824 0.0348407 0.0313103 0.0256176 0.0181438 0.00940165 0 
0 0 0 0 0 0 0 0 0 0 0 0 0.00987914 0.0098045 0.00958132 0.00920983 0.00868984 0.00802202 0.00720935 0.00625839 0.00518032 0.00399153 0.00271365 0.00137308 0 0.00592995 0.0114625 0.0162259 0.019898 0.0222274 0.0230506 0.022304 0.0200305 0.0163788 0.0115948 0.00600625 0 
0 0 0 0 0 0 0 0 0 0 0 0 0.00654115 0.00648967 0.00634177 0.00609893 0.00575959 0.00532231 0.00478777 0.00415978 0.00344574 0.00265677 0.00180747 0.000915286 0 0.00351838 0.00679884 0.00962087 0.0117938 0.013169 0.0136507 0.0132026 0.0118518 0.00968749 0.00685588 0.00355077 0 
0 0 0 0 0 0 0 0 0 0 0 0 0.00343482 0.00339179 0.00331583 0.00320517 0.00304967 0.00284142 0.00257649 0.00225479 0.00187973 0.00145778 0.00099776 0.000509474 0 0.00164214 0.00316667 0.00447649 0.00548418 0.00612102 0.00634267 0.00613259 0.00550364 0.00449755 0.00318238 0.00164802 0 
15 0 0 0 0 0 0 0 0 0 0 0 0.00052213 0.000367988 0.00036796 0.000412294 0.000458447 0.000488087 0.000492913 0.000469833 0.000419248 0.000344441 0.000251649 0.000151336 6.29465e-05 3.05094e-05 1.76088e-05 1.18993e-05 9.00166e-06 7.26623e-06 6.02403e-06 4.98251e-06 4.00667e-06 3.03482e-06 2.04306e-06 1.02854e-06 0 
15 9.05074 5.97714 4.22902 3.13705 2.39405 1.84945 1.42417 1.07374 0.771268 0.499279 0.245406 0 0.000194611 0.000318053 0.000410248 0.000477024 0.000516003 0.000524306 0.000500777 0.000446497 0.000364673 0.00026011 0.000137922 0 8.53086e-06 9.51886e-06 8.73583e-06 7.69421e-06 6.71135e-06 5.79828e-06 4.9086e-06 4.0022e-06 3.05721e-06 2.06868e-06 1.04431e-06 0 
15 11.6313 8.97194 6.98168 5.48891 4.34173 3.43039 2.67995 2.03955 1.47396 0.957797 0.471762 0 0.000181363 0.00033845 0.000465397 0.000558142 0.000612939 0.000627322 0.000600911 0.00053572 0.000436069 0.000308228 0.000159909 0 3.52378e-06 5.41375e-06 6.15422e-06 6.25457e-06 5.99943e-06 5.51989e-06 4.87234e-06 4.08452e-06 3.17757e-06 2.17495e-06 1.10492e-06 0 
15 12.6156 10.4614 8.61499 7.0632 5.75878 4.6493 3.68815 2.83706 2.06541 1.34854 0.666002 0 0.000222736 0.000426662 0.000597501 0.000724645 0.000800805 0.000822126 0.000788303 0.000702475 0.000570893 0.000402422 0.000207976 0 2.19278e-06 3.895e-06 5.01287e-06 5.61481e-06 5.7924e-06 5.61951e-06 5.15168e-06 4.4349e-06 3.51319e-06 2.43289e-06 1.24405e-06 0 
15 13.0818 11.2583 9.58546 8.08092 6.73719 5.53448 4.44871 3.45583 2.5336 1.66202 0.823042 0 0.000306432 0.000589319 0.000827917 0.00100586 0.00111206 0.001141 0.0010927 0.000972176 0.000788718 0.000555059 0.000286483 0 1.96557e-06 3.69101e-06 5.03238e-06 5.92984e-06 6.37392e-06 6.38276e-06 5.99119e-06 5.24634e-06 4.20562e-06 2.93505e-06 1.50738e-06 0 
15 13.3349 11.7161 10.1774 8.73677 7.39834 6.15655 5.00026 3.91561 2.88784 1.90217 0.944218 0 0.000443102 0.000851628 0.0011948 0.00144853 0.00159712 0.00163368 0.00155962 0.00138347 0.0011195 0.000786255 0.000405285 0 2.27865e-06 4.35117e-06 6.05073e-06 7.26494e-06 7.93473e-06 8.04694e-06 7.62557e-06 6.7235e-06 5.41524e-06 3.79067e-06 1.95008e-06 0 
15 13.4841 11.9934 10.5485 9.16275 7.84205 6.58624 5.3906 4.24744 3.14735 2.07996 1.03449 0 0.000657569 0.00126099 0.00176291 0.00212776 0.00233424 0.00237527 0.00225623 0.00199236 0.00160613 0.00112484 0.000578794 0 3.05552e-06 5.85047e-06 8.1611e-06 9.82498e-06 1.07501e-05 1.09117e-05 1.03415e-05 9.11462e-06 7.33651e-06 5.13237e-06 2.63912e-06 0 
15 13.5765 12.1679 10.7867 9.44228 8.13977 6.88055 5.66283 4.48239 3.33328 2.20842 1.10005 0 0.000993861 0.00189876 0.00263941 0.00316331 0.00344364 0.00347704 0.00327868 0.00287658 0.00230667 0.00160911 0.000825987 0 4.41866e-06 8.4395e-06 1.17267e-05 1.40472e-05 1.52835e-05 1.54229e-05 1.4535e-05 1.2746e-05 1.02164e-05 7.12453e-06 3.6564e-06 0 
15 13.6356 12.2803 10.9423 9.62752 8.34008 7.08149 5.8512 4.64684 3.46463 2.29979 1.14687 0 0.00153032 0.00290608 0.00400359 0.0047469 0.0051086 0.00510028 0.00475956 0.00413837 0.00329439 0.00228593 0.00116961 0 6.67691e-06 1.26793e-05 1.74672e-05 2.0709e-05 2.22848e-05 2.22456e-05 2.0756e-05 1.80437e-05 1.43612e-05 9.9634e-06 5.09726e-06 0 
15 13.6742 12.3542 11.0452 9.75136 8.47545 7.21878 5.98124 4.76143 3.55688 2.36436 1.18009 0 0.00241455 0.00453947 0.0061647 0.00718911 0.00760613 0.00747141 0.00687149 0.00590144 0.0046522 0.00320544 0.00163314 0 1.04528e-05 1.96516e-05 2.66865e-05 3.1119e-05 3.29202e-05 3.23314e-05 2.97283e-05 2.55244e-05 2.01154e-05 1.3856e-05 7.05817e-06 0 
15 13.6998 12.4033 11.1141 9.83484 8.5675 7.31304 6.07141 4.84167 3.62208 2.41036 1.20388 0 0.00395044 0.00729715 0.00967767 0.010998 0.0113451 0.0108892 0.0098162 0.00829266 0.00645446 0.00440738 0.00223359 0 1.70503e-05 3.14928e-05 4.17614e-05 4.74494e-05 4.89332e-05 4.69492e-05 4.23024e-05 3.57166e-05 2.77827e-05 1.89604e-05 9.60475e-06 0 
15 13.7168 12.4362 11.1605 9.8915 8.63059 7.37841 6.13484 4.89906 3.6696 2.44453 1.22186 0 0.00684474 0.0122288 0.0155762 0.0169964 0.0168907 0.0156958 0.0137745 0.0113919 0.00872673 0.00589442 0.00296857 0 2.95156e-05 5.27252e-05 6.71424e-05 7.32393e-05 7.27487e-05 6.75583e-05 5.92393e-05 4.89423e-05 3.74487e-05 2.52648e-05 1.27118e-05 0 
15 13.7282 12.4582 11.1917 9.92998 8.67407 7.42438 6.18074 4.94224 3.70723 2.47333 1.23799 0 0.0130256 0.0217428 0.0258108 0.0264283 0.0248871 0.0221366 0.018771 0.0151266 0.0113751 0.00759196 0.00379965 0 5.6169e-05 9.37408e-05 0.000111244 0.000113851 0.000107139 9.52067e-05 8.06266e-05 6.48602e-05 4.8668e-05 3.23997e-05 1.61762e-05 0 
15 13.7355 12.4724 11.212 9.95543 8.70354 7.45677 6.21506 4.97758 3.74234 2.50537 1.2601 0 0.0289007 0.0417173 0.043809 0.0407171 0.0356045 0.0299611 0.0243952 0.0191019 0.014095 0.00931004 0.00464724 0 0.000124666 0.000179911 0.000188861 0.000175432 0.000153273 0.000128814 0.000104683 8.17358e-05 6.00587e-05 3.94338e-05 1.9534e-05 0 
15 13.7396 12.4804 11.2237 9.97038 8.7215 7.47778 6.23983 5.00791 3.78135 2.55606 1.31557 0 0.0809651 0.0858227 0.0734703 0.0595524 0.0475163 0.0376114 0.029406 0.0224329 0.0163153 0.0107533 0.00545982 0 0.000349363 0.000370242 0.000316834 0.000256656 0.000204582 0.00016168 0.000126078 9.57531e-05 6.9082e-05 4.48366e-05 2.20687e-05 0 
15 13.7409 12.4831 11.2275 9.97543 8.72783 7.48584 6.25102 5.02615 3.8175 2.64099 1.53996 0.638387 0.304272 0.16865 0.106654 0.0741539 0.0546329 0.0414378 0.031644 0.0238394 0.0172851 0.0115927 0.00664657 0.00275529 0.00131315 0.000727717 0.000460037 0.000319648 0.000235253 0.00017812 0.000135602 0.000101549 7.26473e-05 4.6915e-05 2.30302e-05 0 
