0 0 0 0 0 0 0 0 0 0 0 0 0 0 0 0 0 0 0 0 0 0 0 0 4.57936 4.58295 4.59365 4.61128 4.63555 4.66606 4.70229 4.74364 4.78939 4.83878 4.89094 4.945 5 
0 0 0 0 0 0 0 0 0 0 0 0 0 0 0 0 0 0 0 0 0 0 0 0 4.5713 4.57495 4.58585 4.60381 4.62854 4.65962 4.69654 4.73868 4.78531 4.83565 4.88882 4.94393 5 
0 0 0 0 0 0 0 0 0 0 0 0 0 0 0 0 0 0 0 0 0 0 0 0 4.5468 4.55065 4.56216 4.58112 4.60723 4.64006 4.67906 4.72359 4.77289 4.82612 4.88237 4.94067 5 
0 0 0 0 0 0 0 0 0 0 0 0 0 0 0 0 0 0 0 0 0 0 0 0 4.50496 4.50916 4.52168 4.54234 4.5708 4.6066 4.64916 4.69778 4.75163 4.80981 4.87132 4.93509 5 
0 0 0 0 0 0 0 0 0 0 0 0 0 0 0 0 0 0 0 0 0 0 0 0 4.44423 4.44892 4.46292 4.48602 4.51786 4.55794 4.60563 4.66016 4.72063 4.78602 4.85519 4.92694 5 
0 0 0 0 0 0 0 0 0 0 0 0 0 0 0 0 0 0 0 0 0 0 0 0 4.36239 4.36774 4.38369 4.41003 4.44637 4.49216 4.54672 4.6092 4.67857 4.75369 4.83326 4.91586 5 
0 0 0 0 0 0 0 0 0 0 0 0 0 0 0 0 0 0 0 0 0 0 0 0 4.25651 4.26268 4.28111 4.31154 4.35359 4.40666 4.47001 4.5427 4.62359 4.71136 4.8045 4.90131 5 
0 0 0 0 0 0 0 0 0 0 0 0 0 0 0 0 0 0 0 0 0 0 0 0 4.12287 4.13005 4.15149 4.18695 4.236 4.29805 4.37229 4.45774 4.55314 4.65697 4.76746 4.88255 5 
0 0 0 0 0 0 0 0 0 0 0 0 0 0 0 0 0 0 0 0 0 0 0 0 3.95694 3.96531 3.99034 4.03177 4.08918 4.16198 4.24938 4.35039 4.46369 4.58761 4.72005 4.85847 5 
0 0 0 0 0 0 0 0 0 0 0 0 0 0 0 0 0 0 0 0 0 0 0 0 3.75334 3.7631 3.7923 3.84064 3.90773 3.99303 4.09587 4.21539 4.35036 4.49909 4.65916 4.82742 5 
0 0 0 0 0 0 0 0 0 0 0 0 0 0 0 0 0 0 0 0 0 0 0 0 3.5058 3.51718 3.55115 3.60735 3.68532 3.78461 3.90484 4.04559 4.20611 4.38502 4.57986 4.78667 5 
0 0 0 0 0 0 0 0 0 0 0 0 0 0 0 0 0 0 0 0 0 0 0 0 3.20709 3.2204 3.26 3.3251 3.41491 3.52907 3.66768 3.83129 4.02047 4.23514 4.47359 4.73126 5 
0 0 0 0 0 0 0 0 0 0 0 0 0 0 0 0 0 0 0 0 0 0 0 0 2.84844 2.8645 2.9115 2.98721 3.08976 3.21849 3.37427 3.55945 3.77746 4.03178 4.32407 4.65093 5 
0 0 0 0 0 0 0 0 0 0 0 0 0 0 0 0 0 0 0 0 0 0 0 0 2.41755 2.43896 2.49839 2.58893 2.7057 2.84704 3.01471 3.21378 3.45273 3.74297 4.09679 4.52065 5 
0 0 0 0 0 0 0 0 0 0 0 0 0 0 0 0 0 0 0 0 0 0 0 0 1.89033 1.92789 2.01528 2.13164 2.26633 2.41639 2.58447 2.7784 3.01259 3.31113 3.71191 4.26552 5 
0 0 0 0 0 0 0 0 0 0 0 0 0.074393 0.0750695 0.0771612 0.0808732 0.0866085 0.0950945 0.107663 0.126892 0.158193 0.213955 0.325024 0.573891 1.19408 1.30471 1.46698 1.63313 1.79237 1.94519 2.09605 2.25246 2.42766 2.64923 2.98316 3.60341 5 
0 0 0 0 0 0 0 0 0 0 0 0 0.0728723 0.0734777 0.0753386 0.0785973 0.0835141 0.0905023 0.100169 0.113311 0.130674 0.151736 0.17 0.156157 0 0.565321 0.909967 1.15015 1.33286 1.47839 1.59517 1.68424 1.73838 1.73451 1.61022 1.19452 0 
0 0 0 0 0 0 0 0 0 0 0 0 0.0686282 0.0690609 0.0703711 0.072591 0.0757594 0.0798841 0.0848538 0.0902351 0.0948336 0.0958134 0.0872142 0.0586307 0 0.322456 0.587999 0.796486 0.95698 1.07631 1.15664 1.19461 1.17961 1.09077 0.892942 0.537964 0 
0 0 0 0 0 0 0 0 0 0 0 0 0.0624372 0.0626704 0.0633568 0.064451 0.0658532 0.0673651 0.0686125 0.0689204 0.0671351 0.0614432 0.0493934 0.0287106 0 0.207643 0.39441 0.550803 0.673732 0.761946 0.813455 0.824132 0.786994 0.692246 0.529249 0.293132 0 
0 0 0 0 0 0 0 0 0 0 0 0 0.0551975 0.0552602 0.0554251 0.0556182 0.0557002 0.0554412 0.0544857 0.0523152 0.0482265 0.0413786 0.0309969 0.0168528 0 0.139804 0.269158 0.380418 0.468588 0.530175 0.562136 0.561243 0.523999 0.447282 0.330079 0.176582 0 
0 0 0 0 0 0 0 0 0 0 0 0 0.0476761 0.0476203 0.04743 0.0470356 0.0463148 0.0450842 0.0430931 0.0400258 0.0355264 0.0292651 0.0210658 0.0110898 0 0.0954749 0.184621 0.261987 0.323255 0.365064 0.384738 0.380146 0.349816 0.293411 0.212573 0.111971 0 
0 0 0 0 0 0 0 0 0 0 0 0 0.0404068 0.0402829 0.0398941 0.0391878 0.0380767 0.0364385 0.0341219 0.0309588 0.0267906 0.0215123 0.0151321 0.00783288 0 0.0653866 0.126587 0.179777 0.221705 0.249754 0.261941 0.256959 0.234301 0.194515 0.139532 0.072944 0 
0 0 0 0 0 0 0 0 0 0 0 0 0.033695 0.0335422 0.0330723 0.0322513 0.0310243 0.0293196 0.0270556 0.024153 0.0205526 0.016239 0.0112663 0.00577662 0 0.044718 0.0865755 0.122905 0.151384 0.170131 0.177777 0.173543 0.157324 0.129813 0.0926026 0.0482177 0 
0 0 0 0 0 0 0 0 0 0 0 0 0.0276709 0.0275151 0.0270408 0.0262283 0.0250469 0.0234591 0.0214264 0.0189174 0.0159193 0.0124489 0.00856356 0.00436602 0 0.0304854 0.0590012 0.0836996 0.102961 0.115482 0.120347 0.11709 0.105753 0.0869363 0.0618154 0.032115 0 
0 0 0 0 0 0 0 0 0 0 0 0 0.0223484 0.0222048 0.0217705 0.0210352 0.019984 0.0186 0.0168685 0.0147826 0.0123486 0.00959247 0.00656329 0.00333451 0 0.0206842 0.0400164 0.0567266 0.0697035 0.0780604 0.0811912 0.0788159 0.071014 0.0582429 0.0413323 0.0214452 0 
0 0 0 0 0 0 0 0 0 0 0 0 0.0176721 0.0175488 0.0171773 0.016553 0.01567 0.0145227 0.0131084 0.0114307 0.00950296 0.00735038 0.00501215 0.00254087 0 0.0139253 0.0269309 0.0381537 0.046841 0.0523973 0.0544244 0.0527516 0.0474551 0.0388636 0.0275463 0.0142809 0 
0 0 0 0 0 0 0 0 0 0 0 0 0.013551 0.0134516 0.0131527 0.012653 0.011951 0.0110461 0.0099407 0.00864182 0.00716311 0.00552604 0.00376039 0.00190379 0 0.00923573 0.0178565 0.025286 0.0310232 0.0346749 0.0359822 0.0348405 0.0313101 0.0256174 0.0181437 0.0094016 0 
0 0 0 0 0 0 0 0 0 0 0 0 0.00987763 0.00980302 0.00957989 0.00920848 0.00868858 0.00802088 0.00720833 0.00625752 0.00517962 0.003991 0.00271329 0.0013729 0 0.00592992 0.0114624 0.0162258 0.0198979 0.0222273 0.0230504 0.0223038 0.0200304 0.0163787 0.0115947 0.00600621 0 
0 0 0 0 0 0 0 0 0 0 0 0 0.00654013 0.00648867 0.00634081 0.00609802 0.00575874 0.00532154 0.0047871 0.0041592 0.00344527 0.00265642 0.00180723 0.000915166 0 0.00351836 0.00679879 0.00962081 0.0117937 0.0131689 0.0136506 0.0132026 0.0118518 0.00968743 0.00685584 0.00355075 0 
15 0 0 0 0 0 0 0 0 0 0 0 0.00343429 0.00339127 0.00331534 0.00320471 0.00304925 0.00284104 0.00257615 0.0022545 0.0018795 0.0014576 0.00099764 0.000509414 0 0.00164213 0.00316665 0.00447646 0.00548414 0.00612099 0.00634263 0.00613255 0.0055036 0.00449752 0.00318236 0.00164801 0 
15 0 0 0 0 0 0 0 0 0 0 0 0.00052206 0.000367954 0.00036794 0.000412281 0.000458437 0.000488079 0.000492907 0.000469828 0.000419244 0.000344438 0.000251647 0.000151335 6.2946e-05 3.05092e-05 1.76087e-05 1.18992e-05 9.0016e-06 7.26618e-06 6.024e-06 4.98248e-06 4.00665e-06 3.0348e-06 2.04305e-06 1.02853e-06 0 
15 9.05074 5.97714 4.22902 3.13705 2.39405 1.84945 1.42417 1.07374 0.771268 0.499279 0.245406 0 0.000194601 0.000318042 0.000410239 0.000477016 0.000515996 0.000524301 0.000500773 0.000446494 0.000364671 0.000260109 0.000137921 0 8.5308e-06 9.5188e-06 8.73577e-06 7.69416e-06 6.71131e-06 5.79824e-06 4.90857e-06 4.00217e-06 3.05719e-06 2.06867e-06 1.0443e-06 0 
15 11.6313 8.97194 6.98168 5.48891 4.34173 3.43039 2.67995 2.03955 1.47396 0.957797 0.471762 0 0.000181359 0.000338445 0.000465391 0.000558137 0.000612934 0.000627318 0.000600908 0.000535717 0.000436067 0.000308227 0.000159909 0 3.52376e-06 5.41371e-06 6.15418e-06 6.25454e-06 5.9994e-06 5.51986e-06 4.87232e-06 4.0845e-06 3.17756e-06 2.17494e-06 1.10492e-06 0 
15 12.6156 10.4614 8.61499 7.0632 5.75878 4.6493 3.68815 2.83706 2.06541 1.34854 0.666002 0 0.000222734 0.000426659 0.000597497 0.000724641 0.000800801 0.000822122 0.0007883 0.000702472 0.000570891 0.000402421 0.000207975 0 2.19277e-06 3.89498e-06 5.01285e-06 5.61479e-06 5.79237e-06 5.61949e-06 5.15167e-06 4.43488e-06 3.51317e-06 2.43288e-06 1.24404e-06 0 
15 13.0818 11.2583 9.58546 8.08092 6.73719 5.53448 4.44871 3.45583 2.5336 1.66202 0.823042 0 0.000306431 0.000589317 0.000827914 0.00100586 0.00111206 0.001141 0.0010927 0.000972174 0.000788717 0.000555058 0.000286483 0 1.96556e-06 3.691e-06 5.03237e-06 5.92982e-06 6.3739e-06 6.38275e-06 5.99118e-06 5.24633e-06 4.20562e-06 2.93504e-06 1.50738e-06 0 
15 13.3349 11.7161 10.1774 8.73677 7.39834 6.15655 5.00026 3.91561 2.88784 1.90217 0.944218 0 0.000443101 0.000851627 0.00119479 0.00144853 0.00159712 0.00163368 0.00155962 0.00138347 0.0011195 0.000786255 0.000405285 0 2.27864e-06 4.35116e-06 6.05072e-06 7.26493e-06 7.93472e-06 8.04693e-06 7.62556e-06 6.72349e-06 5.41523e-06 3.79067e-06 1.95008e-06 0 
15 13.4841 11.9934 10.5485 9.16275 7.84205 6.58624 5.3906 4.24744 3.14735 2.07996 1.03449 0 0.000657568 0.00126099 0.0017629 0.00212776 0.00233424 0.00237527 0.00225623 0.00199236 0.00160613 0.00112484 0.000578794 0 3.05552e-06 5.85047e-06 8.1611e-06 9.82497e-06 1.07501e-05 1.09117e-05 1.03415e-05 9.11461e-06 7.3365e-06 5.13236e-06 2.63912e-06 0 
15 13.5765 12.1679 10.7867 9.44228 8.13977 6.88055 5.66283 4.48239 3.33328 2.20842 1.10005 0 0.00099386 0.00189876 0.00263941 0.00316331 0.00344363 0.00347704 0.00327868 0.00287658 0.00230667 0.00160911 0.000825987 0 4.41866e-06 8.4395e-06 1.17267e-05 1.40472e-05 1.52835e-05 1.54229e-05 1.4535e-05 1.2746e-05 1.02164e-05 7.12453e-06 3.6564e-06 0 
15 13.6356 12.2803 10.9423 9.62752 8.34008 7.08149 5.8512 4.64684 3.46463 2.29979 1.14687 0 0.00153032 0.00290608 0.00400359 0.0047469 0.0051086 0.00510028 0.00475956 0.00413837 0.00329439 0.00228593 0.00116961 0 6.67691e-06 1.26793e-05 1.74672e-05 2.0709e-05 2.22848e-05 2.22456e-05 2.0756e-05 1.80437e-05 1.43612e-05 9.96339e-06 5.09726e-06 0 
15 13.6742 12.3542 11.0452 9.75136 8.47545 7.21878 5.98124 4.76143 3.55688 2.36436 1.18009 0 0.00241455 0.00453947 0.0061647 0.00718911 0.00760613 0.00747141 0.00687149 0.00590143 0.0046522 0.00320544 0.00163314 0 1.04528e-05 1.96516e-05 2.66865e-05 3.1119e-05 3.29202e-05 3.23314e-05 2.97283e-05 2.55244e-05 2.01154e-05 1.3856e-05 7.05816e-06 0 
15 13.6998 12.4033 11.1141 9.83484 8.5675 7.31304 6.07141 4.84167 3.62208 2.41036 1.20388 0 0.00395044 0.00729715 0.00967767 0.010998 0.0113451 0.0108892 0.0098162 0.00829266 0.00645446 0.00440738 0.00223359 0 1.70503e-05 3.14928e-05 4.17614e-05 4.74494e-05 4.89332e-05 4.69492e-05 4.23024e-05 3.57166e-05 2.77827e-05 1.89604e-05 9.60474e-06 0 
15 13.7168 12.4362 11.1605 9.8915 8.63059 7.37841 6.13484 4.89906 3.6696 2.44453 1.22186 0 0.00684474 0.0122288 0.0155762 0.0169964 0.0168907 0.0156958 0.0137745 0.0113919 0.00872673 0.00589442 0.00296857 0 2.95156e-05 5.27252e-05 6.71424e-05 7.32393e-05 7.27487e-05 6.75583e-05 5.92393e-05 4.89423e-05 3.74487e-05 2.52648e-05 1.27118e-05 0 
15 13.7282 12.4582 11.1917 9.92998 8.67407 7.42438 6.18074 4.94224 3.70723 2.47333 1.23799 0 0.0130256 0.0217428 0.0258108 0.0264283 0.0248871 0.0221366 0.018771 0.0151266 0.0113751 0.00759196 0.00379965 0 5.6169e-05 9.37408e-05 0.000111244 0.000113851 0.000107139 9.52067e-05 8.06266e-05 6.48601e-05 4.8668e-05 3.23997e-05 1.61762e-05 0 
15 13.7355 12.4724 11.212 9.95543 8.70354 7.45677 6.21506 4.97758 3.74234 2.50537 1.2601 0 0.0289007 0.0417173 0.043809 0.0407171 0.0356045 0.0299611 0.0243952 0.0191019 0.014095 0.00931004 0.00464724 0 0.000124666 0.000179911 0.000188861 0.000175432 0.000153273 0.000128814 0.000104683 8.17358e-05 6.00587e-05 3.94338e-05 1.9534e-05 0 
15 13.7396 12.4804 11.2237 9.97038 8.7215 7.47778 6.23983 5.00791 3.78135 2.55606 1.31557 0 0.0809651 0.0858227 0.0734703 0.0595524 0.0475163 0.0376114 0.029406 0.0224329 0.0163153 0.0107533 0.00545982 0 0.000349363 0.000370242 0.000316834 0.000256656 0.000204582 0.00016168 0.000126078 9.57531e-05 6.9082e-05 4.48366e-05 2.20687e-05 0 
15 13.7409 12.4831 11.2275 9.97543 8.72783 7.48584 6.25102 5.02615 3.8175 2.64099 1.53996 0.638387 0.304272 0.16865 0.106654 0.0741539 0.0546329 0.0414378 0.031644 0.0238394 0.0172851 0.0115927 0.00664657 0.00275529 0.00131315 0.000727717 0.000460037 0.000319648 0.000235253 0.00017812 0.000135602 0.000101549 7.26473e-05 4.6915e-05 2.30302e-05 0 
